10111111111111111111111111111111
10000010000000100000000000000001
10111010111110101111111111111101
10100010100010101000000000000101
10101111101010101011111111110101
10001000001000100010000000010101
11101011111111111110111111010101
10001010000000000010100001010101
10111010111111111010101101010101
10100010100000001000101001010001
10101111101111101111101011111101
10100000101000000000101000000001
10111110101011111110101111111101
10000010101010000010001000000101
11111010101010111011111011110101
10000010001000100000000010000101
10111111111111101111111110111101
10000000000000101000000000100001
11111111111110101011111111101101
11111111111111111111111111111101