11111111111111111111111111111111
10000000000000000000000000000001
10111111111110111111111111111001
10100000000010100000000000001001
10101111111010101111111111101001
10101000001010101000000000101001
10101011101010101011111110101001
10101010001010101010000010101001
10101010111010101010111010101001
10101010000010101010001010101001
10101011111110101011101010101001
10101000000000101000001010100001
10101111111111101111111010111111
10100000000000000000000010000001
10111111111111111111111111111001
10000000000000000000000000001001
11111111111111111111111111101001
10000000000000000000000000001001
10111111111111111111111111111001
11111111111111111111111111111111